asus1_link_pitch_joint: 0.05399555497158075
asus1_link_roll_joint: -0.08238659810957132
asus1_link_x_joint: -0.09521778721613706
asus1_link_y_joint: -0.2850412501534414
asus1_link_yaw_joint: 0.2172927323725519
asus1_link_z_joint: 0.2675531035794343
asus2_link_pitch_joint: 0.4583696874538092
asus2_link_roll_joint: 0.07235735301999878
asus2_link_x_joint: -0.04502601307326358
asus2_link_y_joint: 0.122657533042749
asus2_link_yaw_joint: -0.02847416843138741
asus2_link_z_joint: 0.2830816396435352