asus1_link_pitch_joint: 0.0539955549715806
asus1_link_roll_joint: -0.08238659810957098
asus1_link_x_joint: -0.09521778721613708
asus1_link_y_joint: -0.2850412501534415
asus1_link_yaw_joint: 0.2172927323725521
asus1_link_z_joint: 0.2675531035794342
asus2_link_pitch_joint: 0.2885452997708062
asus2_link_roll_joint: 0.06430468388806347
asus2_link_x_joint: -0.06516830684409035
asus2_link_y_joint: 0.1206424265931048
asus2_link_yaw_joint: -0.07707063983386102
asus2_link_z_joint: 0.1765254904174174